const UNSORTED_ARRAY = [7, 4, 5, 2, 10, 1, -3, 945, 0]
const SORTED_ARRAY_ASC = [-3, 0, 1, 2, 4, 5, 7, 10, 945]
const SORTED_ARRAY_DESC = [945, 10, 7, 5, 4, 2, 1, 0, -3]

const MAX_SUB_ARRAY_SIMPLE = [-2, 1, -3, 4, -1, 2, 1, -5, 4]
const MAX_SUB_ARRAY_MEDIUM = [
  13,
  -3,
  -25,
  20,
  -3,
  -16,
  -23,
  18,
  20,
  -7,
  12,
  -5,
  -22,
  15,
  -4,
  7,
]
const MAX_SUB_ARRAY_MEDIUM_LEFT = [
  13,
  -3,
  -23,
  18,
  20,
  -7,
  12,
  -25,
  20,
  -3,
  -16,
  -5,
  -22,
  15,
  -4,
  7,
]

const MATRIX_A = [
  [1, 2],
  [3, 4],
]
const MATRIX_B = [
  [2, 0],
  [1, 2],
]

const MATRIX_3x3_A = [
  [10, 20, 10],
  [4, 5, 6],
  [2, 3, 5],
]
const MATRIX_3x3_B = [
  [3, 2, 4],
  [3, 3, 9],
  [4, 4, 2],
]

const MATRIX_4x4_A = [
  [5, 7, 9, 10],
  [2, 3, 3, 8],
  [8, 10, 2, 3],
  [3, 3, 4, 8]
]
const MATRIX_4x4_B = [
  [3, 10, 12, 18],
  [12, 1, 4, 9],
  [9, 10, 12, 2],
  [3, 12, 4, 10]
]

const MATRIX_A_X_B = [
  [4, 4],
  [10, 8],
]
const MATRIX_B_X_A = [
  [2, 4],
  [7, 10],
]

const MATRIX_3x3_A_X_B = [
  [130, 120, 240],
  [51, 47, 73],
  [35, 33, 45],
]
const MATRIX_4x4_A_X_B = [
  [210, 267, 236, 271],
  [93, 149, 104, 149],
  [171, 146, 172, 268],
  [105, 169, 128, 169]
]

module.exports = {
  UNSORTED_ARRAY,
  SORTED_ARRAY_ASC,
  SORTED_ARRAY_DESC,
  MAX_SUB_ARRAY_SIMPLE,
  MAX_SUB_ARRAY_MEDIUM,
  MAX_SUB_ARRAY_MEDIUM_LEFT,
  MATRIX_A,
  MATRIX_B,
  MATRIX_3x3_A,
  MATRIX_3x3_B,
  MATRIX_4x4_A,
  MATRIX_4x4_B,
  MATRIX_A_X_B,
  MATRIX_B_X_A,
  MATRIX_3x3_A_X_B,
  MATRIX_4x4_A_X_B,
}
